rle:0.03212681558241387
xup:0.006787712318370895
yup:0.00017611821908311673
yxxup:1.1053695906605991
xlo:0.0078036422431912575
ylo:0.00015482715038704235
yxxlo:2.2597594163998767
yteup:0.00016507543364746704
ytelo:0.00018972184457298783
alphate:0.5992638855153134
betate:0.23932220849415406
